# Ursa Major-style Path file generated by PathWriter.java
# Name:
ou
# Number of points:
91
# Left path:
left
# TIME (s) | DIST (in) | HEADING (deg) | VEL (in/s) | ACC (in/s^2) |   X (ft)  |   Y(ft)
 0.000000    0.000000    -2.485955       0.000000     160.000000     2.500000    1.160000  
 0.050000    0.200000    -2.485955       8.000000     160.000000     2.500000    1.160000  
 0.100000    0.800000    -2.485955       16.000000    160.000000     2.500000    1.160000  
 0.150000    1.800000    -2.485955       24.000000    160.000000     2.500000    1.160000  
 0.200000    3.200000    -2.485955       32.000000    160.000000     2.500000    1.160000  
 0.250000    5.000000    -2.485955       40.000000    160.000000     2.500000    1.160000  
 0.300000    7.200000    -2.485955       48.000000    160.000000     2.500000    1.160000  
 0.350000    9.800000    -2.485955       56.000000    160.000000     2.500000    1.160000  
 0.400000    12.800000   -2.485955       64.000000    160.000000     2.500000    1.160000  
 0.450000    16.200000   -2.485955       72.000000    160.000000     2.500000    1.160000  
 0.500000    20.000000   -2.485955       80.000000    160.000000     2.500000    1.160000  
 0.550000    24.200000   -2.485955       88.000000    160.000000     2.500000    1.160000  
 0.600000    28.800000   -2.485955       96.000000    160.000000     2.500000    1.160000  
 0.650000    33.800000   -2.485955       104.000000   160.000000     2.500000    1.160000  
 0.700000    39.200000   -2.485955       112.000000   160.000000     2.500000    1.160000  
 0.750000    45.000000   -2.485955       120.000000   0.000000       3.100000    14.980000 
 0.800000    51.000000   -2.485955       120.000000   0.000000       3.100000    14.980000 
 0.850000    57.000000   -2.485955       120.000000   0.000000       3.100000    14.980000 
 0.900000    63.000000   -2.485955       120.000000   0.000000       3.100000    14.980000 
 0.950000    69.000000   -2.485955       120.000000   0.000000       3.100000    14.980000 
 1.000000    75.000000   -2.485955       120.000000   0.000000       3.100000    14.980000 
 1.050000    81.000000   -2.485955       120.000000   0.000000       3.100000    14.980000 
 1.100000    87.000000   -2.485955       120.000000   0.000000       3.100000    14.980000 
 1.150000    93.000000   -2.485955       120.000000   0.000000       3.100000    14.980000 
 1.200000    99.000000   -2.485955       120.000000   0.000000       3.100000    14.980000 
 1.250000    105.000000   -2.485955       120.000000   0.000000       3.100000    14.980000 
 1.300000    111.000000   -2.485955       120.000000   0.000000       3.100000    14.980000 
 1.350000    117.000000   -2.485955       120.000000   0.000000       3.100000    14.980000 
 1.400000    123.000000   -2.485955       120.000000   0.000000       3.100000    14.980000 
 1.450000    129.000000   -2.485955       120.000000   0.000000       3.100000    14.980000 
 1.500000    135.000000   -2.485955       120.000000   0.000000       3.100000    14.980000 
 1.550000    141.000000   -2.485955       120.000000   0.000000       3.100000    14.980000 
 1.600000    147.000000   -2.485955       120.000000   0.000000       3.100000    14.980000 
 1.650000    153.000000   -2.485955       120.000000   0.000000       3.100000    14.980000 
 1.700000    159.000000   -2.485955       120.000000   0.000000       3.100000    14.980000 
 1.750000    165.000000   -2.485955       120.000000   0.000000       3.100000    14.980000 
 1.800000    171.000000   -4.417541       120.000000   0.000000       3.710000    17.410000 
 1.850000    177.000000   -6.733694       120.000000   0.000000       3.710000    17.410000 
 1.900000    183.000000   -9.049848       120.000000   0.000000       3.710000    17.410000 
 1.950000    189.000000   -11.366001      120.000000   0.000000       3.710000    17.410000 
 2.000000    195.000000   -13.682154      120.000000   0.000000       3.710000    17.410000 
 2.050000    201.000000   -26.247698      120.000000   0.000000       4.450000    18.150000 
 2.100000    207.000000   -41.014902      120.000000   0.000000       4.450000    18.150000 
 2.150000    213.000000   -49.287024      120.000000   0.000000       5.730000    18.830000 
 2.200000    219.000000   -55.158545      120.000000   0.000000       5.730000    18.830000 
 2.250000    225.000000   -61.030066      120.000000   0.000000       5.730000    18.830000 
 2.300000    231.000000   -69.475542      120.000000   0.000000       7.290000    18.830000 
 2.350000    237.000000   -78.443323      120.000000   0.000000       7.290000    18.830000 
 2.400000    243.000000   -87.411103      120.000000   0.000000       7.290000    18.830000 
 2.450000    249.000000   -89.959865      120.000000   0.000000       15.720000   18.690000 
 2.500000    255.000000   -89.903441      120.000000   0.000000       15.720000   18.690000 
 2.550000    261.000000   -89.847016      120.000000   0.000000       15.720000   18.690000 
 2.600000    267.000000   -89.790592      120.000000   0.000000       15.720000   18.690000 
 2.650000    273.000000   -89.734168      120.000000   0.000000       15.720000   18.690000 
 2.700000    279.000000   -89.677744      120.000000   0.000000       15.720000   18.690000 
 2.750000    285.000000   -89.621319      120.000000   0.000000       15.720000   18.690000 
 2.800000    291.000000   -89.564895      120.000000   0.000000       15.720000   18.690000 
 2.850000    297.000000   -89.508471      120.000000   0.000000       15.720000   18.690000 
 2.900000    303.000000   -89.452047      120.000000   0.000000       15.720000   18.690000 
 2.950000    309.000000   -89.395622      120.000000   0.000000       15.720000   18.690000 
 3.000000    315.000000   -89.339198      120.000000   0.000000       15.720000   18.690000 
 3.050000    321.000000   -89.282774      120.000000   0.000000       15.720000   18.690000 
 3.100000    327.000000   -89.226350      120.000000   0.000000       15.720000   18.690000 
 3.150000    333.000000   -89.169925      120.000000   0.000000       15.720000   18.690000 
 3.200000    339.000000   -89.113501      120.000000   0.000000       15.720000   18.690000 
 3.250000    345.000000   -89.057077      120.000000   0.000000       15.720000   18.690000 
 3.300000    351.000000   268.856232      120.000000   0.000000       17.820000   18.690000 
 3.350000    357.000000   268.629697      120.000000   0.000000       17.820000   18.690000 
 3.400000    363.000000   268.403163      120.000000   0.000000       17.820000   18.690000 
 3.450000    369.000000   268.176629      120.000000   0.000000       17.820000   18.690000 
 3.500000    375.000000   -87.038636      120.000000   0.000000       19.500000   19.170000 
 3.550000    381.000000   -82.475577      120.000000   0.000000       19.500000   19.170000 
 3.600000    387.000000   -77.912517      120.000000   0.000000       19.500000   19.170000 
 3.650000    393.000000   -71.346621      120.000000   0.000000       20.040000   19.640000 
 3.700000    399.000000   -53.823040      120.000000   0.000000       20.040000   19.640000 
 3.750000    404.999559   -36.239460      119.624208   -160.000000    20.310000   20.110000 
 3.800000    410.780769   -24.798799      111.624208   -160.000000    20.520000   20.720000 
 3.850000    416.161979   -18.261177      103.624208   -160.000000    20.580000   23.220000 
 3.900000    421.143190   -15.336086      95.624208    -160.000000    20.580000   23.220000 
 3.950000    425.724400   -12.645886      87.624208    -160.000000    20.580000   23.220000 
 4.000000    429.905611   -10.190575      79.624208    -160.000000    20.580000   23.220000 
 4.050000    433.686821   -7.970154       71.624208    -160.000000    20.580000   23.220000 
 4.100000    437.068031   -5.984623       63.624208    -160.000000    20.580000   23.220000 
 4.150000    440.049242   -4.233982       55.624208    -160.000000    20.580000   23.220000 
 4.200000    442.630452   -2.718231       47.624208    -160.000000    20.580000   23.220000 
 4.250000    444.811662   -1.437370       39.624208    -160.000000    20.580000   23.220000 
 4.300000    446.592873   -0.895156       31.624208    -160.000000    20.580000   23.620000 
 4.350000    447.974083   -0.499544       23.624208    -160.000000    20.580000   23.620000 
 4.400000    448.955294   -0.218502       15.624208    -160.000000    20.580000   23.620000 
 4.450000    449.536504   -0.052029       7.624208     -160.000000    20.580000   23.620000 
 4.497651    449.718156   0.000000        0.000000     0.000000       20.580000   23.620000 
end

# Right path:
right
 0.000000    0.000000    -2.485955       0.000000     160.000000     2.500000    1.160000  
 0.050000    0.200000    -2.485955       8.000000     160.000000     2.500000    1.160000  
 0.100000    0.800000    -2.485955       16.000000    160.000000     2.500000    1.160000  
 0.150000    1.800000    -2.485955       24.000000    160.000000     2.500000    1.160000  
 0.200000    3.200000    -2.485955       32.000000    160.000000     2.500000    1.160000  
 0.250000    5.000000    -2.485955       40.000000    160.000000     2.500000    1.160000  
 0.300000    7.200000    -2.485955       48.000000    160.000000     2.500000    1.160000  
 0.350000    9.800000    -2.485955       56.000000    160.000000     2.500000    1.160000  
 0.400000    12.800000   -2.485955       64.000000    160.000000     2.500000    1.160000  
 0.450000    16.200000   -2.485955       72.000000    160.000000     2.500000    1.160000  
 0.500000    20.000000   -2.485955       80.000000    160.000000     2.500000    1.160000  
 0.550000    24.200000   -2.485955       88.000000    160.000000     2.500000    1.160000  
 0.600000    28.800000   -2.485955       96.000000    160.000000     2.500000    1.160000  
 0.650000    33.800000   -2.485955       104.000000   160.000000     2.500000    1.160000  
 0.700000    39.200000   -2.485955       112.000000   160.000000     2.500000    1.160000  
 0.750000    45.000000   -2.485955       120.000000   0.000000       3.100000    14.980000 
 0.800000    51.000000   -2.485955       120.000000   0.000000       3.100000    14.980000 
 0.850000    57.000000   -2.485955       120.000000   0.000000       3.100000    14.980000 
 0.900000    63.000000   -2.485955       120.000000   0.000000       3.100000    14.980000 
 0.950000    69.000000   -2.485955       120.000000   0.000000       3.100000    14.980000 
 1.000000    75.000000   -2.485955       120.000000   0.000000       3.100000    14.980000 
 1.050000    81.000000   -2.485955       120.000000   0.000000       3.100000    14.980000 
 1.100000    87.000000   -2.485955       120.000000   0.000000       3.100000    14.980000 
 1.150000    93.000000   -2.485955       120.000000   0.000000       3.100000    14.980000 
 1.200000    99.000000   -2.485955       120.000000   0.000000       3.100000    14.980000 
 1.250000    105.000000   -2.485955       120.000000   0.000000       3.100000    14.980000 
 1.300000    111.000000   -2.485955       120.000000   0.000000       3.100000    14.980000 
 1.350000    117.000000   -2.485955       120.000000   0.000000       3.100000    14.980000 
 1.400000    123.000000   -2.485955       120.000000   0.000000       3.100000    14.980000 
 1.450000    129.000000   -2.485955       120.000000   0.000000       3.100000    14.980000 
 1.500000    135.000000   -2.485955       120.000000   0.000000       3.100000    14.980000 
 1.550000    141.000000   -2.485955       120.000000   0.000000       3.100000    14.980000 
 1.600000    147.000000   -2.485955       120.000000   0.000000       3.100000    14.980000 
 1.650000    153.000000   -2.485955       120.000000   0.000000       3.100000    14.980000 
 1.700000    159.000000   -2.485955       120.000000   0.000000       3.100000    14.980000 
 1.750000    165.000000   -2.485955       120.000000   0.000000       3.100000    14.980000 
 1.800000    171.000000   -4.417541       120.000000   0.000000       3.710000    17.410000 
 1.850000    177.000000   -6.733694       120.000000   0.000000       3.710000    17.410000 
 1.900000    183.000000   -9.049848       120.000000   0.000000       3.710000    17.410000 
 1.950000    189.000000   -11.366001      120.000000   0.000000       3.710000    17.410000 
 2.000000    195.000000   -13.682154      120.000000   0.000000       3.710000    17.410000 
 2.050000    201.000000   -26.247698      120.000000   0.000000       4.450000    18.150000 
 2.100000    207.000000   -41.014902      120.000000   0.000000       4.450000    18.150000 
 2.150000    213.000000   -49.287024      120.000000   0.000000       5.730000    18.830000 
 2.200000    219.000000   -55.158545      120.000000   0.000000       5.730000    18.830000 
 2.250000    225.000000   -61.030066      120.000000   0.000000       5.730000    18.830000 
 2.300000    231.000000   -69.475542      120.000000   0.000000       7.290000    18.830000 
 2.350000    237.000000   -78.443323      120.000000   0.000000       7.290000    18.830000 
 2.400000    243.000000   -87.411103      120.000000   0.000000       7.290000    18.830000 
 2.450000    249.000000   -89.959865      120.000000   0.000000       15.720000   18.690000 
 2.500000    255.000000   -89.903441      120.000000   0.000000       15.720000   18.690000 
 2.550000    261.000000   -89.847016      120.000000   0.000000       15.720000   18.690000 
 2.600000    267.000000   -89.790592      120.000000   0.000000       15.720000   18.690000 
 2.650000    273.000000   -89.734168      120.000000   0.000000       15.720000   18.690000 
 2.700000    279.000000   -89.677744      120.000000   0.000000       15.720000   18.690000 
 2.750000    285.000000   -89.621319      120.000000   0.000000       15.720000   18.690000 
 2.800000    291.000000   -89.564895      120.000000   0.000000       15.720000   18.690000 
 2.850000    297.000000   -89.508471      120.000000   0.000000       15.720000   18.690000 
 2.900000    303.000000   -89.452047      120.000000   0.000000       15.720000   18.690000 
 2.950000    309.000000   -89.395622      120.000000   0.000000       15.720000   18.690000 
 3.000000    315.000000   -89.339198      120.000000   0.000000       15.720000   18.690000 
 3.050000    321.000000   -89.282774      120.000000   0.000000       15.720000   18.690000 
 3.100000    327.000000   -89.226350      120.000000   0.000000       15.720000   18.690000 
 3.150000    333.000000   -89.169925      120.000000   0.000000       15.720000   18.690000 
 3.200000    339.000000   -89.113501      120.000000   0.000000       15.720000   18.690000 
 3.250000    345.000000   -89.057077      120.000000   0.000000       15.720000   18.690000 
 3.300000    351.000000   268.856232      120.000000   0.000000       17.820000   18.690000 
 3.350000    357.000000   268.629697      120.000000   0.000000       17.820000   18.690000 
 3.400000    363.000000   268.403163      120.000000   0.000000       17.820000   18.690000 
 3.450000    369.000000   268.176629      120.000000   0.000000       17.820000   18.690000 
 3.500000    375.000000   -87.038636      120.000000   0.000000       19.500000   19.170000 
 3.550000    381.000000   -82.475577      120.000000   0.000000       19.500000   19.170000 
 3.600000    387.000000   -77.912517      120.000000   0.000000       19.500000   19.170000 
 3.650000    393.000000   -71.346621      120.000000   0.000000       20.040000   19.640000 
 3.700000    399.000000   -53.823040      120.000000   0.000000       20.040000   19.640000 
 3.750000    404.999559   -36.239460      119.624208   -160.000000    20.310000   20.110000 
 3.800000    410.780769   -24.798799      111.624208   -160.000000    20.520000   20.720000 
 3.850000    416.161979   -18.261177      103.624208   -160.000000    20.580000   23.220000 
 3.900000    421.143190   -15.336086      95.624208    -160.000000    20.580000   23.220000 
 3.950000    425.724400   -12.645886      87.624208    -160.000000    20.580000   23.220000 
 4.000000    429.905611   -10.190575      79.624208    -160.000000    20.580000   23.220000 
 4.050000    433.686821   -7.970154       71.624208    -160.000000    20.580000   23.220000 
 4.100000    437.068031   -5.984623       63.624208    -160.000000    20.580000   23.220000 
 4.150000    440.049242   -4.233982       55.624208    -160.000000    20.580000   23.220000 
 4.200000    442.630452   -2.718231       47.624208    -160.000000    20.580000   23.220000 
 4.250000    444.811662   -1.437370       39.624208    -160.000000    20.580000   23.220000 
 4.300000    446.592873   -0.895156       31.624208    -160.000000    20.580000   23.620000 
 4.350000    447.974083   -0.499544       23.624208    -160.000000    20.580000   23.620000 
 4.400000    448.955294   -0.218502       15.624208    -160.000000    20.580000   23.620000 
 4.450000    449.536504   -0.052029       7.624208     -160.000000    20.580000   23.620000 
 4.497651    449.718156   0.000000        0.000000     0.000000       20.580000   23.620000 
end