# Ursa Major-style Path file generated by PathWriter.java
# Name:
ou
# Number of points:
14
# Left path:
left
# TIME (s) | DIST (in) | HEADING (deg) | VEL (in/s) | ACC (in/s^2) |   X (ft)  |   Y(ft)
 0.000000    0.000000    -2.485955       0.000000     0.000000       2.500000    1.160000  
 0.000000    165.996222   -2.485955       0.000000     0.000000       3.100000    14.980000 
 0.000000    196.060952   -14.091709      0.000000     0.000000       3.710000    17.410000 
 0.000000    208.619168   -45.000000      0.000000     0.000000       4.450000    18.150000 
 0.000000    226.012132   -62.020526      0.000000     0.000000       5.730000    18.830000 
 0.000000    244.732132   -90.000000      0.000000     0.000000       7.290000    18.830000 
 0.000000    345.906082   269.048556      0.000000     0.000000       15.720000   18.690000 
 0.000000    371.106082   -90.000000      0.000000     0.000000       17.820000   18.690000 
 0.000000    392.072798   -74.054604      0.000000     0.000000       19.500000   19.170000 
 0.000000    400.663491   -48.964655      0.000000     0.000000       20.040000   19.640000 
 0.000000    407.167889   -29.875993      0.000000     0.000000       20.310000   20.110000 
 0.000000    414.909517   -18.996654      0.000000     0.000000       20.520000   20.720000 
 0.000000    444.918156   -1.374835       0.000000     0.000000       20.580000   23.220000 
 0.000000    449.718156   0.000000        0.000000     0.000000       20.580000   23.620000 
end

# Right path:
right
 0.000000    0.000000    -2.485955       0.000000     0.000000       2.500000    1.160000  
 0.000000    165.996222   -2.485955       0.000000     0.000000       3.100000    14.980000 
 0.000000    196.060952   -14.091709      0.000000     0.000000       3.710000    17.410000 
 0.000000    208.619168   -45.000000      0.000000     0.000000       4.450000    18.150000 
 0.000000    226.012132   -62.020526      0.000000     0.000000       5.730000    18.830000 
 0.000000    244.732132   -90.000000      0.000000     0.000000       7.290000    18.830000 
 0.000000    345.906082   269.048556      0.000000     0.000000       15.720000   18.690000 
 0.000000    371.106082   -90.000000      0.000000     0.000000       17.820000   18.690000 
 0.000000    392.072798   -74.054604      0.000000     0.000000       19.500000   19.170000 
 0.000000    400.663491   -48.964655      0.000000     0.000000       20.040000   19.640000 
 0.000000    407.167889   -29.875993      0.000000     0.000000       20.310000   20.110000 
 0.000000    414.909517   -18.996654      0.000000     0.000000       20.520000   20.720000 
 0.000000    444.918156   -1.374835       0.000000     0.000000       20.580000   23.220000 
 0.000000    449.718156   0.000000        0.000000     0.000000       20.580000   23.620000 
end