# Ursa Major-style Path file generated by PathWriter.java
# Name:
output
# Number of points:
29
# Left path:
left
# TIME (s) | DIST (in) | HEADING (deg) | VEL (in/s) | ACC (in/s^2) |   X (ft)  |   Y(ft)
 0.000000    0.000000    176.913511      0.000000     160.000000     21.030000   23.930000 
 0.050000    22.627417   176.913511      452.548340   9050.966799    19.770000   25.330000 
 0.100000    22.627417   176.913511      0.000000     -9050.966799   19.770000   25.330000 
 0.150000    22.627417   176.913511      0.000000     0.000000       19.770000   25.330000 
 0.200000    22.627417   176.913511      0.000000     0.000000       19.770000   25.330000 
 0.250000    22.627417   176.913511      0.000000     0.000000       19.770000   25.330000 
 0.300000    22.627417   176.913511      0.000000     0.000000       19.770000   25.330000 
 0.350000    22.627417   176.913511      0.000000     0.000000       19.770000   25.330000 
 0.400000    22.627417   176.913511      0.000000     0.000000       19.770000   25.330000 
 0.450000    22.627417   176.913511      0.000000     0.000000       19.770000   25.330000 
 0.500000    22.627417   176.913511      0.000000     0.000000       19.770000   25.330000 
 0.550000    22.627417   176.913511      0.000000     0.000000       19.770000   25.330000 
 0.600000    22.627417   176.913511      0.000000     0.000000       19.770000   25.330000 
 0.650000    22.627417   176.913511      0.000000     0.000000       19.770000   25.330000 
 0.700000    96.174104   176.913511      1470.933744   29418.674885   19.440000   19.210000 
 0.750000    96.174104   176.913511      0.000000     -29418.674885   19.440000   19.210000 
 0.800000    96.174104   176.913511      0.000000     0.000000       19.440000   19.210000 
 0.850000    96.174104   176.913511      0.000000     0.000000       19.440000   19.210000 
 0.900000    96.174104   176.913511      0.000000     0.000000       19.440000   19.210000 
 0.950000    96.174104   176.913511      0.000000     0.000000       19.440000   19.210000 
 1.000000    96.174104   176.913511      0.000000     0.000000       19.440000   19.210000 
 1.050000    96.174104   176.913511      0.000000     0.000000       19.440000   19.210000 
 1.100000    96.174104   176.913511      0.000000     0.000000       19.440000   19.210000 
 1.150000    96.174104   176.913511      0.000000     0.000000       19.440000   19.210000 
 1.200000    96.174104   176.913511      0.000000     0.000000       19.440000   19.210000 
 1.250000    96.174104   176.913511      0.000000     0.000000       19.440000   19.210000 
 1.300000    96.174104   176.913511      0.000000     0.000000       19.440000   19.210000 
 1.350000    96.174104   176.913511      0.000000     0.000000       19.440000   19.210000 
 1.355975    96.174104   176.913511      0.000000     0.000000       19.440000   19.210000 
end

# Right path:
right
 0.000000    0.000000    176.913511      0.000000     160.000000     18.370000   24.070000 
 0.050000    22.627417   176.913511      452.548340   9050.966799    19.630000   22.670000 
 0.100000    22.627417   176.913511      0.000000     -9050.966799   19.630000   22.670000 
 0.150000    22.627417   176.913511      0.000000     0.000000       19.630000   22.670000 
 0.200000    22.627417   176.913511      0.000000     0.000000       19.630000   22.670000 
 0.250000    22.627417   176.913511      0.000000     0.000000       19.630000   22.670000 
 0.300000    22.627417   176.913511      0.000000     0.000000       19.630000   22.670000 
 0.350000    22.627417   176.913511      0.000000     0.000000       19.630000   22.670000 
 0.400000    22.627417   176.913511      0.000000     0.000000       19.630000   22.670000 
 0.450000    22.627417   176.913511      0.000000     0.000000       19.630000   22.670000 
 0.500000    22.627417   176.913511      0.000000     0.000000       19.630000   22.670000 
 0.550000    22.627417   176.913511      0.000000     0.000000       19.630000   22.670000 
 0.600000    22.627417   176.913511      0.000000     0.000000       19.630000   22.670000 
 0.650000    22.627417   176.913511      0.000000     0.000000       19.630000   22.670000 
 0.700000    96.174104   176.913511      1470.933744   29418.674885   19.300000   16.550000 
 0.750000    96.174104   176.913511      0.000000     -29418.674885   19.300000   16.550000 
 0.800000    96.174104   176.913511      0.000000     0.000000       19.300000   16.550000 
 0.850000    96.174104   176.913511      0.000000     0.000000       19.300000   16.550000 
 0.900000    96.174104   176.913511      0.000000     0.000000       19.300000   16.550000 
 0.950000    96.174104   176.913511      0.000000     0.000000       19.300000   16.550000 
 1.000000    96.174104   176.913511      0.000000     0.000000       19.300000   16.550000 
 1.050000    96.174104   176.913511      0.000000     0.000000       19.300000   16.550000 
 1.100000    96.174104   176.913511      0.000000     0.000000       19.300000   16.550000 
 1.150000    96.174104   176.913511      0.000000     0.000000       19.300000   16.550000 
 1.200000    96.174104   176.913511      0.000000     0.000000       19.300000   16.550000 
 1.250000    96.174104   176.913511      0.000000     0.000000       19.300000   16.550000 
 1.300000    96.174104   176.913511      0.000000     0.000000       19.300000   16.550000 
 1.350000    96.174104   176.913511      0.000000     0.000000       19.300000   16.550000 
 1.355975    96.174104   176.913511      0.000000     0.000000       19.300000   16.550000 
end