# Ursa Major-style Path file generated by PathWriter.java
# Name:
ou
# Number of points:
67
# Left path:
left
# TIME (s) | DIST (in) | HEADING (deg) | VEL (in/s) | ACC (in/s^2) |   X (ft)  |   Y(ft)
 0.000000    0.000000    0.399466        0.000000     160.000000     24.500000   1.160000  
 0.050000    0.200000    0.399466        8.000000     160.000000     24.500000   1.160000  
 0.100000    0.800000    0.399466        16.000000    160.000000     24.500000   1.160000  
 0.150000    1.800000    0.399466        24.000000    160.000000     24.500000   1.160000  
 0.200000    3.200000    0.399466        32.000000    160.000000     24.500000   1.160000  
 0.250000    5.000000    0.399466        40.000000    160.000000     24.500000   1.160000  
 0.300000    7.200000    0.399466        48.000000    160.000000     24.500000   1.160000  
 0.350000    9.800000    0.399466        56.000000    160.000000     24.500000   1.160000  
 0.400000    12.800000   0.399466        64.000000    160.000000     24.500000   1.160000  
 0.450000    16.200000   0.399466        72.000000    160.000000     24.500000   1.160000  
 0.500000    20.000000   0.399466        80.000000    160.000000     24.500000   1.160000  
 0.550000    24.200000   0.399466        88.000000    160.000000     24.500000   1.160000  
 0.600000    28.800000   0.399466        96.000000    160.000000     24.500000   1.160000  
 0.650000    33.800000   0.399466        104.000000   160.000000     24.500000   1.160000  
 0.700000    39.200000   0.399466        112.000000   160.000000     24.500000   1.160000  
 0.750000    45.000000   0.399466        120.000000   160.000000     24.500000   1.160000  
 0.800000    51.200000   0.399466        128.000000   160.000000     24.500000   1.160000  
 0.850000    57.800000   0.399466        136.000000   160.000000     24.500000   1.160000  
 0.900000    64.800000   0.399466        144.000000   0.000000       24.430000   11.200000 
 0.950000    72.000000   0.399466        144.000000   0.000000       24.430000   11.200000 
 1.000000    79.200000   0.399466        144.000000   0.000000       24.430000   11.200000 
 1.050000    86.400000   0.399466        144.000000   0.000000       24.430000   11.200000 
 1.100000    93.600000   0.399466        144.000000   0.000000       24.430000   11.200000 
 1.150000    100.800000   0.399466        144.000000   0.000000       24.430000   11.200000 
 1.200000    108.000000   0.399466        144.000000   0.000000       24.430000   11.200000 
 1.250000    115.200000   0.399466        144.000000   0.000000       24.430000   11.200000 
 1.300000    122.400000   0.333906        144.000000   0.000000       24.500000   14.850000 
 1.350000    129.600000   0.087679        144.000000   0.000000       24.500000   14.850000 
 1.400000    136.800000   -0.158548       144.000000   0.000000       24.500000   14.850000 
 1.450000    144.000000   -0.404774       144.000000   0.000000       24.500000   14.850000 
 1.500000    151.200000   -0.651001       144.000000   0.000000       24.500000   14.850000 
 1.550000    158.400000   -0.897228       144.000000   0.000000       24.500000   14.850000 
 1.600000    165.600000   -1.069096       144.000000   0.000000       24.500000   18.900000 
 1.650000    172.800000   -0.906327       144.000000   0.000000       24.500000   18.900000 
 1.700000    180.000000   -0.743559       144.000000   0.000000       24.500000   18.900000 
 1.750000    187.200000   -0.580790       144.000000   0.000000       24.500000   18.900000 
 1.800000    194.400000   -0.418021       144.000000   0.000000       24.500000   18.900000 
 1.850000    201.600000   -0.255253       144.000000   0.000000       24.500000   18.900000 
 1.900000    208.800000   -0.092484       144.000000   0.000000       24.500000   18.900000 
 1.950000    216.000000   -0.269055       144.000000   0.000000       24.840000   23.220000 
 2.000000    223.200000   -0.892144       144.000000   0.000000       24.840000   23.220000 
 2.050000    230.400000   -1.515233       144.000000   0.000000       24.840000   23.220000 
 2.100000    237.600000   -2.138322       144.000000   0.000000       24.840000   23.220000 
 2.150000    244.800000   -2.761411       144.000000   0.000000       24.840000   23.220000 
 2.200000    252.000000   -3.384500       144.000000   0.000000       24.840000   23.220000 
 2.250000    259.200000   -4.007589       144.000000   0.000000       24.840000   23.220000 
 2.300000    266.400000   -3.832309       144.000000   0.000000       24.300000   26.050000 
 2.350000    273.600000   -0.645352       144.000000   0.000000       24.300000   26.050000 
 2.400000    280.610869   2.457889        136.220422   -160.000000    24.300000   26.050000 
 2.450000    287.221890   5.384145        128.220422   -160.000000    24.300000   26.050000 
 2.500000    293.432911   8.133347        120.220422   -160.000000    24.300000   26.050000 
 2.550000    299.243933   10.705496       112.220422   -160.000000    24.300000   26.050000 
 2.600000    304.654954   80.333426       104.220422   -160.000000    22.410000   26.320000 
 2.650000    309.665975   80.890616       96.220422    -160.000000    22.410000   26.320000 
 2.700000    314.276996   81.403328       88.220422    -160.000000    22.410000   26.320000 
 2.750000    318.488017   81.871564       80.220422    -160.000000    22.410000   26.320000 
 2.800000    322.299038   82.295322       72.220422    -160.000000    22.410000   26.320000 
 2.850000    325.710059   83.275477       64.220422    -160.000000    21.060000   26.390000 
 2.900000    328.721080   84.153036       56.220422    -160.000000    21.060000   26.390000 
 2.950000    331.332101   84.914016       48.220422    -160.000000    21.060000   26.390000 
 3.000000    333.543123   85.558416       40.220422    -160.000000    21.060000   26.390000 
 3.050000    335.354144   86.086236       32.220422    -160.000000    21.060000   26.390000 
 3.100000    336.765165   86.497477       24.220422    -160.000000    21.060000   26.390000 
 3.150000    337.776186   86.792138       16.220422    -160.000000    21.060000   26.390000 
 3.200000    338.387207   86.970220       8.220422     -160.000000    21.060000   26.390000 
 3.250000    338.598228   87.031722       0.220422     -160.000000    21.060000   26.390000 
 3.251378    338.598380   87.031766       0.000000     0.000000       21.060000   26.390000 
end

# Right path:
right
 0.000000    0.000000    0.399466        0.000000     160.000000     24.500000   1.160000  
 0.050000    0.200000    0.399466        8.000000     160.000000     24.500000   1.160000  
 0.100000    0.800000    0.399466        16.000000    160.000000     24.500000   1.160000  
 0.150000    1.800000    0.399466        24.000000    160.000000     24.500000   1.160000  
 0.200000    3.200000    0.399466        32.000000    160.000000     24.500000   1.160000  
 0.250000    5.000000    0.399466        40.000000    160.000000     24.500000   1.160000  
 0.300000    7.200000    0.399466        48.000000    160.000000     24.500000   1.160000  
 0.350000    9.800000    0.399466        56.000000    160.000000     24.500000   1.160000  
 0.400000    12.800000   0.399466        64.000000    160.000000     24.500000   1.160000  
 0.450000    16.200000   0.399466        72.000000    160.000000     24.500000   1.160000  
 0.500000    20.000000   0.399466        80.000000    160.000000     24.500000   1.160000  
 0.550000    24.200000   0.399466        88.000000    160.000000     24.500000   1.160000  
 0.600000    28.800000   0.399466        96.000000    160.000000     24.500000   1.160000  
 0.650000    33.800000   0.399466        104.000000   160.000000     24.500000   1.160000  
 0.700000    39.200000   0.399466        112.000000   160.000000     24.500000   1.160000  
 0.750000    45.000000   0.399466        120.000000   160.000000     24.500000   1.160000  
 0.800000    51.200000   0.399466        128.000000   160.000000     24.500000   1.160000  
 0.850000    57.800000   0.399466        136.000000   160.000000     24.500000   1.160000  
 0.900000    64.800000   0.399466        144.000000   0.000000       24.430000   11.200000 
 0.950000    72.000000   0.399466        144.000000   0.000000       24.430000   11.200000 
 1.000000    79.200000   0.399466        144.000000   0.000000       24.430000   11.200000 
 1.050000    86.400000   0.399466        144.000000   0.000000       24.430000   11.200000 
 1.100000    93.600000   0.399466        144.000000   0.000000       24.430000   11.200000 
 1.150000    100.800000   0.399466        144.000000   0.000000       24.430000   11.200000 
 1.200000    108.000000   0.399466        144.000000   0.000000       24.430000   11.200000 
 1.250000    115.200000   0.399466        144.000000   0.000000       24.430000   11.200000 
 1.300000    122.400000   0.333906        144.000000   0.000000       24.500000   14.850000 
 1.350000    129.600000   0.087679        144.000000   0.000000       24.500000   14.850000 
 1.400000    136.800000   -0.158548       144.000000   0.000000       24.500000   14.850000 
 1.450000    144.000000   -0.404774       144.000000   0.000000       24.500000   14.850000 
 1.500000    151.200000   -0.651001       144.000000   0.000000       24.500000   14.850000 
 1.550000    158.400000   -0.897228       144.000000   0.000000       24.500000   14.850000 
 1.600000    165.600000   -1.069096       144.000000   0.000000       24.500000   18.900000 
 1.650000    172.800000   -0.906327       144.000000   0.000000       24.500000   18.900000 
 1.700000    180.000000   -0.743559       144.000000   0.000000       24.500000   18.900000 
 1.750000    187.200000   -0.580790       144.000000   0.000000       24.500000   18.900000 
 1.800000    194.400000   -0.418021       144.000000   0.000000       24.500000   18.900000 
 1.850000    201.600000   -0.255253       144.000000   0.000000       24.500000   18.900000 
 1.900000    208.800000   -0.092484       144.000000   0.000000       24.500000   18.900000 
 1.950000    216.000000   -0.269055       144.000000   0.000000       24.840000   23.220000 
 2.000000    223.200000   -0.892144       144.000000   0.000000       24.840000   23.220000 
 2.050000    230.400000   -1.515233       144.000000   0.000000       24.840000   23.220000 
 2.100000    237.600000   -2.138322       144.000000   0.000000       24.840000   23.220000 
 2.150000    244.800000   -2.761411       144.000000   0.000000       24.840000   23.220000 
 2.200000    252.000000   -3.384500       144.000000   0.000000       24.840000   23.220000 
 2.250000    259.200000   -4.007589       144.000000   0.000000       24.840000   23.220000 
 2.300000    266.400000   -3.832309       144.000000   0.000000       24.300000   26.050000 
 2.350000    273.600000   -0.645352       144.000000   0.000000       24.300000   26.050000 
 2.400000    280.610869   2.457889        136.220422   -160.000000    24.300000   26.050000 
 2.450000    287.221890   5.384145        128.220422   -160.000000    24.300000   26.050000 
 2.500000    293.432911   8.133347        120.220422   -160.000000    24.300000   26.050000 
 2.550000    299.243933   10.705496       112.220422   -160.000000    24.300000   26.050000 
 2.600000    304.654954   80.333426       104.220422   -160.000000    22.410000   26.320000 
 2.650000    309.665975   80.890616       96.220422    -160.000000    22.410000   26.320000 
 2.700000    314.276996   81.403328       88.220422    -160.000000    22.410000   26.320000 
 2.750000    318.488017   81.871564       80.220422    -160.000000    22.410000   26.320000 
 2.800000    322.299038   82.295322       72.220422    -160.000000    22.410000   26.320000 
 2.850000    325.710059   83.275477       64.220422    -160.000000    21.060000   26.390000 
 2.900000    328.721080   84.153036       56.220422    -160.000000    21.060000   26.390000 
 2.950000    331.332101   84.914016       48.220422    -160.000000    21.060000   26.390000 
 3.000000    333.543123   85.558416       40.220422    -160.000000    21.060000   26.390000 
 3.050000    335.354144   86.086236       32.220422    -160.000000    21.060000   26.390000 
 3.100000    336.765165   86.497477       24.220422    -160.000000    21.060000   26.390000 
 3.150000    337.776186   86.792138       16.220422    -160.000000    21.060000   26.390000 
 3.200000    338.387207   86.970220       8.220422     -160.000000    21.060000   26.390000 
 3.250000    338.598228   87.031722       0.220422     -160.000000    21.060000   26.390000 
 3.251378    338.598380   87.031766       0.000000     0.000000       21.060000   26.390000 
end