# Ursa Major-style Path file generated by PathWriter.java
# Name:
ou
# Number of points:
95
# Left path:
left
# TIME (s) | DIST (ft) | HEADING (deg) | VEL (ft/s) | ACC (ft/s^2) |   X (ft)  |   Y(ft)
 0.000000    0.000000    10.007980       0.000000     1.000000       1.410000    4.320000  
 0.100000    0.005000    10.007980       0.100000     1.000000       1.410000    4.320000  
 0.200000    0.020000    10.007980       0.200000     1.000000       1.430000    4.320000  
 0.300000    0.045000    10.007980       0.300000     1.000000       1.450000    4.330000  
 0.400000    0.080000    10.007980       0.400000     1.000000       1.490000    4.330000  
 0.500000    0.125000    10.007980       0.500000     1.000000       1.530000    4.340000  
 0.600000    0.180000    10.007980       0.600000     1.000000       1.590000    4.350000  
 0.700000    0.245000    10.007980       0.700000     1.000000       1.650000    4.360000  
 0.800000    0.320000    10.007980       0.800000     1.000000       1.730000    4.380000  
 0.900000    0.405000    5.736969        0.900000     1.000000       1.810000    4.390000  
 1.000000    0.500000    0.000000        1.000000     1.000000       1.900000    4.380000  
 1.100000    0.605000    0.000000        1.100000     1.000000       2.010000    4.380000  
 1.200000    0.720000    0.000000        1.200000     1.000000       2.120000    4.380000  
 1.300000    0.845000    0.000000        1.300000     1.000000       2.250000    4.380000  
 1.400000    0.980000    0.000000        1.400000     1.000000       2.380000    4.380000  
 1.500000    1.125000    0.000000        1.500000     1.000000       2.530000    4.380000  
 1.600000    1.280000    0.000000        1.600000     1.000000       2.680000    4.380000  
 1.700000    1.445000    0.000000        1.700000     1.000000       2.850000    4.380000  
 1.800000    1.620000    0.000000        1.800000     1.000000       3.020000    4.380000  
 1.900000    1.805000    0.000000        1.900000     1.000000       3.210000    4.380000  
 2.000000    2.000000    0.000000        2.000000     1.000000       3.400000    4.380000  
 2.100000    2.205000    0.000000        2.100000     1.000000       3.610000    4.380000  
 2.200000    2.420000    0.000000        2.200000     1.000000       3.820000    4.380000  
 2.300000    2.645000    0.000000        2.300000     1.000000       4.050000    4.380000  
 2.400000    2.880000    0.000000        2.400000     1.000000       4.280000    4.380000  
 2.500000    3.125000    0.000000        2.500000     1.000000       4.530000    4.380000  
 2.600000    3.380000    0.000000        2.600000     1.000000       4.780000    4.380000  
 2.700000    3.645000    0.000000        2.700000     1.000000       5.050000    4.380000  
 2.800000    3.920000    0.000000        2.800000     1.000000       5.320000    4.380000  
 2.900000    4.205000    0.000000        2.900000     1.000000       5.610000    4.380000  
 3.000000    4.500000    0.000000        3.000000     1.000000       5.900000    4.380000  
 3.100000    4.805000    0.000000        3.100000     1.000000       6.210000    4.380000  
 3.200000    5.120000    345.700448      3.200000     1.000000       6.520000    4.310000  
 3.300000    5.445000    0.000000        3.300000     1.000000       6.840000    4.320000  
 3.400000    5.780000    4.779279        3.400000     1.000000       7.180000    4.320000  
 3.500000    6.125000    340.608424      3.500000     1.000000       7.490000    4.180000  
 3.600000    6.480000    322.409537      3.600000     1.000000       7.810000    4.010000  
 3.700000    6.845000    7.744623        3.700000     1.000000       8.180000    4.060000  
 3.800000    7.220000    0.000000        3.800000     1.000000       8.550000    3.980000  
 3.900000    7.605000    4.855292        3.900000     1.000000       8.930000    3.990000  
 4.000000    8.000000    334.201343      4.000000     1.000000       9.300000    3.820000  
 4.100000    8.405000    0.000000        4.100000     1.000000       9.720000    3.910000  
 4.200000    8.820000    0.000000        4.200000     1.000000       10.140000   3.910000  
 4.300000    9.245000    0.000000        4.300000     1.000000       10.560000   3.910000  
 4.400000    9.680000    0.000000        4.400000     1.000000       11.000000   3.910000  
 4.500000    10.125000   0.000000        4.500000     1.000000       11.440000   3.910000  
 4.600000    10.580000   0.000000        4.600000     1.000000       11.900000   3.910000  
 4.700000    11.044533   0.000000        4.595328     -1.000000      12.360000   3.910000  
 4.800000    11.499066   0.000000        4.495328     -1.000000      12.820000   3.910000  
 4.900000    11.943598   0.000000        4.395328     -1.000000      13.260000   3.910000  
 5.000000    12.378131   0.000000        4.295328     -1.000000      13.700000   3.910000  
 5.100000    12.802664   0.000000        4.195328     -1.000000      14.120000   3.910000  
 5.200000    13.217197   0.000000        4.095328     -1.000000      14.540000   3.910000  
 5.300000    13.621730   0.000000        3.995328     -1.000000      14.940000   3.910000  
 5.400000    14.016262   0.000000        3.895328     -1.000000      15.340000   3.910000  
 5.500000    14.400795   2.005075        3.795328     -1.000000      15.720000   3.920000  
 5.600000    14.775328   4.280419        3.695328     -1.000000      16.090000   3.960000  
 5.700000    15.139861   2.831062        3.595328     -1.000000      16.460000   3.990000  
 5.800000    15.494394   0.113275        3.495328     -1.000000      16.810000   3.980000  
 5.900000    15.838926   3.786564        3.395328     -1.000000      17.150000   4.000000  
 6.000000    16.173459   5.337832        3.295328     -1.000000      17.490000   4.060000  
 6.100000    16.497992   0.156159        3.195328     -1.000000      17.810000   4.050000  
 6.200000    16.812525   4.679207        3.095328     -1.000000      18.120000   4.070000  
 6.300000    17.117058   4.811126        2.995328     -1.000000      18.420000   4.120000  
 6.400000    17.411590   0.000000        2.895328     -1.000000      18.720000   4.110000  
 6.500000    17.696123   0.000000        2.795328     -1.000000      19.000000   4.110000  
 6.600000    17.970656   0.000000        2.695328     -1.000000      19.280000   4.110000  
 6.700000    18.235189   0.000000        2.595328     -1.000000      19.540000   4.110000  
 6.800000    18.489722   0.000000        2.495328     -1.000000      19.800000   4.110000  
 6.900000    18.734254   0.000000        2.395328     -1.000000      20.040000   4.110000  
 7.000000    18.968787   0.000000        2.295328     -1.000000      20.280000   4.110000  
 7.100000    19.193320   0.000000        2.195328     -1.000000      20.500000   4.110000  
 7.200000    19.407853   0.000000        2.095328     -1.000000      20.720000   4.110000  
 7.300000    19.612386   0.000000        1.995328     -1.000000      20.920000   4.110000  
 7.400000    19.806918   1.700045        1.895328     -1.000000      21.120000   4.110000  
 7.500000    19.991451   4.203115        1.795328     -1.000000      21.300000   4.130000  
 7.600000    20.165984   6.570542        1.695328     -1.000000      21.470000   4.170000  
 7.700000    20.330517   6.121796        1.595328     -1.000000      21.630000   4.190000  
 7.800000    20.485050   4.250671        1.495328     -1.000000      21.790000   4.200000  
 7.900000    20.629582   2.500629        1.395328     -1.000000      21.930000   4.200000  
 8.000000    20.764115   0.871670        1.295328     -1.000000      22.070000   4.190000  
 8.100000    20.888648   0.000000        1.195328     -1.000000      22.190000   4.180000  
 8.200000    21.003181   0.000000        1.095328     -1.000000      22.310000   4.180000  
 8.300000    21.107714   0.000000        0.995328     -1.000000      22.410000   4.180000  
 8.400000    21.202246   0.000000        0.895328     -1.000000      22.510000   4.180000  
 8.500000    21.286779   0.000000        0.795328     -1.000000      22.590000   4.180000  
 8.600000    21.361312   0.000000        0.695328     -1.000000      22.670000   4.180000  
 8.700000    21.425845   0.000000        0.595328     -1.000000      22.730000   4.180000  
 8.800000    21.480377   0.000000        0.495328     -1.000000      22.780000   4.180000  
 8.900000    21.524910   0.000000        0.395328     -1.000000      22.830000   4.180000  
 9.000000    21.559443   0.000000        0.295328     -1.000000      22.860000   4.180000  
 9.100000    21.583976   0.000000        0.195328     -1.000000      22.890000   4.180000  
 9.200000    21.598509   0.000000        0.095328     -1.000000      22.900000   4.180000  
 9.300000    21.603041   0.000000        -0.004672    -1.000000      22.910000   4.180000  
 9.390656    22.046105   0.000000        0.000000     0.000000       23.350000   4.180000  
end

# Right path:
right
 0.000000    0.000000    10.007980       0.000000     1.000000       1.410000    4.320000  
 0.100000    0.005000    10.007980       0.100000     1.000000       1.410000    4.320000  
 0.200000    0.020000    10.007980       0.200000     1.000000       1.430000    4.320000  
 0.300000    0.045000    10.007980       0.300000     1.000000       1.450000    4.330000  
 0.400000    0.080000    10.007980       0.400000     1.000000       1.490000    4.330000  
 0.500000    0.125000    10.007980       0.500000     1.000000       1.530000    4.340000  
 0.600000    0.180000    10.007980       0.600000     1.000000       1.590000    4.350000  
 0.700000    0.245000    10.007980       0.700000     1.000000       1.650000    4.360000  
 0.800000    0.320000    10.007980       0.800000     1.000000       1.730000    4.380000  
 0.900000    0.405000    5.736969        0.900000     1.000000       1.810000    4.390000  
 1.000000    0.500000    0.000000        1.000000     1.000000       1.900000    4.380000  
 1.100000    0.605000    0.000000        1.100000     1.000000       2.010000    4.380000  
 1.200000    0.720000    0.000000        1.200000     1.000000       2.120000    4.380000  
 1.300000    0.845000    0.000000        1.300000     1.000000       2.250000    4.380000  
 1.400000    0.980000    0.000000        1.400000     1.000000       2.380000    4.380000  
 1.500000    1.125000    0.000000        1.500000     1.000000       2.530000    4.380000  
 1.600000    1.280000    0.000000        1.600000     1.000000       2.680000    4.380000  
 1.700000    1.445000    0.000000        1.700000     1.000000       2.850000    4.380000  
 1.800000    1.620000    0.000000        1.800000     1.000000       3.020000    4.380000  
 1.900000    1.805000    0.000000        1.900000     1.000000       3.210000    4.380000  
 2.000000    2.000000    0.000000        2.000000     1.000000       3.400000    4.380000  
 2.100000    2.205000    0.000000        2.100000     1.000000       3.610000    4.380000  
 2.200000    2.420000    0.000000        2.200000     1.000000       3.820000    4.380000  
 2.300000    2.645000    0.000000        2.300000     1.000000       4.050000    4.380000  
 2.400000    2.880000    0.000000        2.400000     1.000000       4.280000    4.380000  
 2.500000    3.125000    0.000000        2.500000     1.000000       4.530000    4.380000  
 2.600000    3.380000    0.000000        2.600000     1.000000       4.780000    4.380000  
 2.700000    3.645000    0.000000        2.700000     1.000000       5.050000    4.380000  
 2.800000    3.920000    0.000000        2.800000     1.000000       5.320000    4.380000  
 2.900000    4.205000    0.000000        2.900000     1.000000       5.610000    4.380000  
 3.000000    4.500000    0.000000        3.000000     1.000000       5.900000    4.380000  
 3.100000    4.805000    0.000000        3.100000     1.000000       6.210000    4.380000  
 3.200000    5.120000    345.700448      3.200000     1.000000       6.520000    4.310000  
 3.300000    5.445000    0.000000        3.300000     1.000000       6.840000    4.320000  
 3.400000    5.780000    4.779279        3.400000     1.000000       7.180000    4.320000  
 3.500000    6.125000    340.608424      3.500000     1.000000       7.490000    4.180000  
 3.600000    6.480000    322.409537      3.600000     1.000000       7.810000    4.010000  
 3.700000    6.845000    7.744623        3.700000     1.000000       8.180000    4.060000  
 3.800000    7.220000    0.000000        3.800000     1.000000       8.550000    3.980000  
 3.900000    7.605000    4.855292        3.900000     1.000000       8.930000    3.990000  
 4.000000    8.000000    334.201343      4.000000     1.000000       9.300000    3.820000  
 4.100000    8.405000    0.000000        4.100000     1.000000       9.720000    3.910000  
 4.200000    8.820000    0.000000        4.200000     1.000000       10.140000   3.910000  
 4.300000    9.245000    0.000000        4.300000     1.000000       10.560000   3.910000  
 4.400000    9.680000    0.000000        4.400000     1.000000       11.000000   3.910000  
 4.500000    10.125000   0.000000        4.500000     1.000000       11.440000   3.910000  
 4.600000    10.580000   0.000000        4.600000     1.000000       11.900000   3.910000  
 4.700000    11.044533   0.000000        4.595328     -1.000000      12.360000   3.910000  
 4.800000    11.499066   0.000000        4.495328     -1.000000      12.820000   3.910000  
 4.900000    11.943598   0.000000        4.395328     -1.000000      13.260000   3.910000  
 5.000000    12.378131   0.000000        4.295328     -1.000000      13.700000   3.910000  
 5.100000    12.802664   0.000000        4.195328     -1.000000      14.120000   3.910000  
 5.200000    13.217197   0.000000        4.095328     -1.000000      14.540000   3.910000  
 5.300000    13.621730   0.000000        3.995328     -1.000000      14.940000   3.910000  
 5.400000    14.016262   0.000000        3.895328     -1.000000      15.340000   3.910000  
 5.500000    14.400795   2.005075        3.795328     -1.000000      15.720000   3.920000  
 5.600000    14.775328   4.280419        3.695328     -1.000000      16.090000   3.960000  
 5.700000    15.139861   2.831062        3.595328     -1.000000      16.460000   3.990000  
 5.800000    15.494394   0.113275        3.495328     -1.000000      16.810000   3.980000  
 5.900000    15.838926   3.786564        3.395328     -1.000000      17.150000   4.000000  
 6.000000    16.173459   5.337832        3.295328     -1.000000      17.490000   4.060000  
 6.100000    16.497992   0.156159        3.195328     -1.000000      17.810000   4.050000  
 6.200000    16.812525   4.679207        3.095328     -1.000000      18.120000   4.070000  
 6.300000    17.117058   4.811126        2.995328     -1.000000      18.420000   4.120000  
 6.400000    17.411590   0.000000        2.895328     -1.000000      18.720000   4.110000  
 6.500000    17.696123   0.000000        2.795328     -1.000000      19.000000   4.110000  
 6.600000    17.970656   0.000000        2.695328     -1.000000      19.280000   4.110000  
 6.700000    18.235189   0.000000        2.595328     -1.000000      19.540000   4.110000  
 6.800000    18.489722   0.000000        2.495328     -1.000000      19.800000   4.110000  
 6.900000    18.734254   0.000000        2.395328     -1.000000      20.040000   4.110000  
 7.000000    18.968787   0.000000        2.295328     -1.000000      20.280000   4.110000  
 7.100000    19.193320   0.000000        2.195328     -1.000000      20.500000   4.110000  
 7.200000    19.407853   0.000000        2.095328     -1.000000      20.720000   4.110000  
 7.300000    19.612386   0.000000        1.995328     -1.000000      20.920000   4.110000  
 7.400000    19.806918   1.700045        1.895328     -1.000000      21.120000   4.110000  
 7.500000    19.991451   4.203115        1.795328     -1.000000      21.300000   4.130000  
 7.600000    20.165984   6.570542        1.695328     -1.000000      21.470000   4.170000  
 7.700000    20.330517   6.121796        1.595328     -1.000000      21.630000   4.190000  
 7.800000    20.485050   4.250671        1.495328     -1.000000      21.790000   4.200000  
 7.900000    20.629582   2.500629        1.395328     -1.000000      21.930000   4.200000  
 8.000000    20.764115   0.871670        1.295328     -1.000000      22.070000   4.190000  
 8.100000    20.888648   0.000000        1.195328     -1.000000      22.190000   4.180000  
 8.200000    21.003181   0.000000        1.095328     -1.000000      22.310000   4.180000  
 8.300000    21.107714   0.000000        0.995328     -1.000000      22.410000   4.180000  
 8.400000    21.202246   0.000000        0.895328     -1.000000      22.510000   4.180000  
 8.500000    21.286779   0.000000        0.795328     -1.000000      22.590000   4.180000  
 8.600000    21.361312   0.000000        0.695328     -1.000000      22.670000   4.180000  
 8.700000    21.425845   0.000000        0.595328     -1.000000      22.730000   4.180000  
 8.800000    21.480377   0.000000        0.495328     -1.000000      22.780000   4.180000  
 8.900000    21.524910   0.000000        0.395328     -1.000000      22.830000   4.180000  
 9.000000    21.559443   0.000000        0.295328     -1.000000      22.860000   4.180000  
 9.100000    21.583976   0.000000        0.195328     -1.000000      22.890000   4.180000  
 9.200000    21.598509   0.000000        0.095328     -1.000000      22.900000   4.180000  
 9.300000    21.603041   0.000000        -0.004672    -1.000000      22.910000   4.180000  
 9.390656    22.046105   0.000000        0.000000     0.000000       23.350000   4.180000  
end