# Ursa Major-style Path file generated by PathWriter.java
# Name:
ou
# Number of points:
39
# Left path:
left
# TIME (s) | DIST (ft) | HEADING (deg) | VEL (ft/s) | ACC (ft/s^2) |   X (ft)  |   Y(ft)
 0.000000    0.000000    270.000000      0.000000     0.000000       23.220000   45.020000 
 0.000000    0.680000    270.000000      0.000000     0.000000       23.220000   44.340000 
 0.000000    0.880000    270.000000      0.000000     0.000000       23.220000   44.140000 
 0.000000    1.010000    270.000000      0.000000     0.000000       23.220000   44.010000 
 0.000000    1.425933    260.311213      0.000000     0.000000       23.150000   43.600000 
 0.000000    1.695933    270.000000      0.000000     0.000000       23.150000   43.330000 
 0.000000    1.825933    270.000000      0.000000     0.000000       23.150000   43.200000 
 0.000000    2.365933    270.000000      0.000000     0.000000       23.150000   42.660000 
 0.000000    2.705933    270.000000      0.000000     0.000000       23.150000   42.320000 
 0.000000    3.115933    270.000000      0.000000     0.000000       23.150000   41.910000 
 0.000000    3.445933    270.000000      0.000000     0.000000       23.150000   41.580000 
 0.000000    3.931010    278.297145      0.000000     0.000000       23.220000   41.100000 
 0.000000    4.131010    270.000000      0.000000     0.000000       23.220000   40.900000 
 0.000000    4.471010    270.000000      0.000000     0.000000       23.220000   40.560000 
 0.000000    4.679816    286.699244      0.000000     0.000000       23.280000   40.360000 
 0.000000    4.879816    270.000000      0.000000     0.000000       23.280000   40.160000 
 0.000000    5.689816    270.000000      0.000000     0.000000       23.280000   39.350000 
 0.000000    6.229816    270.000000      0.000000     0.000000       23.280000   38.810000 
 0.000000    7.309816    270.000000      0.000000     0.000000       23.280000   37.730000 
 0.000000    7.649816    270.000000      0.000000     0.000000       23.280000   37.390000 
 0.000000    7.989816    270.000000      0.000000     0.000000       23.280000   37.050000 
 0.000000    8.389816    270.000000      0.000000     0.000000       23.280000   36.650000 
 0.000000    8.799816    270.000000      0.000000     0.000000       23.280000   36.240000 
 0.000000    9.129816    270.000000      0.000000     0.000000       23.280000   35.910000 
 0.000000    9.614893    278.297145      0.000000     0.000000       23.350000   35.430000 
 0.000000    9.944893    270.000000      0.000000     0.000000       23.350000   35.100000 
 0.000000    10.360826   279.688787      0.000000     0.000000       23.420000   34.690000 
 0.000000    10.630826   270.000000      0.000000     0.000000       23.420000   34.420000 
 0.000000    10.760826   270.000000      0.000000     0.000000       23.420000   34.290000 
 0.000000    10.970826   270.000000      0.000000     0.000000       23.420000   34.080000 
 0.000000    11.440826   270.000000      0.000000     0.000000       23.420000   33.610000 
 0.000000    11.640826   270.000000      0.000000     0.000000       23.420000   33.410000 
 0.000000    11.840826   270.000000      0.000000     0.000000       23.420000   33.210000 
 0.000000    11.980826   270.000000      0.000000     0.000000       23.420000   33.070000 
 0.000000    12.180826   270.000000      0.000000     0.000000       23.420000   32.870000 
 0.000000    12.320826   270.000000      0.000000     0.000000       23.420000   32.730000 
 0.000000    12.450826   270.000000      0.000000     0.000000       23.420000   32.600000 
 0.000000    12.720826   270.000000      0.000000     0.000000       23.420000   32.330000 
 0.000000    12.860826   270.000000      0.000000     0.000000       23.420000   32.190000 
end

# Right path:
right
 0.000000    0.000000    270.000000      0.000000     0.000000       23.220000   45.020000 
 0.000000    0.680000    270.000000      0.000000     0.000000       23.220000   44.340000 
 0.000000    0.880000    270.000000      0.000000     0.000000       23.220000   44.140000 
 0.000000    1.010000    270.000000      0.000000     0.000000       23.220000   44.010000 
 0.000000    1.425933    260.311213      0.000000     0.000000       23.150000   43.600000 
 0.000000    1.695933    270.000000      0.000000     0.000000       23.150000   43.330000 
 0.000000    1.825933    270.000000      0.000000     0.000000       23.150000   43.200000 
 0.000000    2.365933    270.000000      0.000000     0.000000       23.150000   42.660000 
 0.000000    2.705933    270.000000      0.000000     0.000000       23.150000   42.320000 
 0.000000    3.115933    270.000000      0.000000     0.000000       23.150000   41.910000 
 0.000000    3.445933    270.000000      0.000000     0.000000       23.150000   41.580000 
 0.000000    3.931010    278.297145      0.000000     0.000000       23.220000   41.100000 
 0.000000    4.131010    270.000000      0.000000     0.000000       23.220000   40.900000 
 0.000000    4.471010    270.000000      0.000000     0.000000       23.220000   40.560000 
 0.000000    4.679816    286.699244      0.000000     0.000000       23.280000   40.360000 
 0.000000    4.879816    270.000000      0.000000     0.000000       23.280000   40.160000 
 0.000000    5.689816    270.000000      0.000000     0.000000       23.280000   39.350000 
 0.000000    6.229816    270.000000      0.000000     0.000000       23.280000   38.810000 
 0.000000    7.309816    270.000000      0.000000     0.000000       23.280000   37.730000 
 0.000000    7.649816    270.000000      0.000000     0.000000       23.280000   37.390000 
 0.000000    7.989816    270.000000      0.000000     0.000000       23.280000   37.050000 
 0.000000    8.389816    270.000000      0.000000     0.000000       23.280000   36.650000 
 0.000000    8.799816    270.000000      0.000000     0.000000       23.280000   36.240000 
 0.000000    9.129816    270.000000      0.000000     0.000000       23.280000   35.910000 
 0.000000    9.614893    278.297145      0.000000     0.000000       23.350000   35.430000 
 0.000000    9.944893    270.000000      0.000000     0.000000       23.350000   35.100000 
 0.000000    10.360826   279.688787      0.000000     0.000000       23.420000   34.690000 
 0.000000    10.630826   270.000000      0.000000     0.000000       23.420000   34.420000 
 0.000000    10.760826   270.000000      0.000000     0.000000       23.420000   34.290000 
 0.000000    10.970826   270.000000      0.000000     0.000000       23.420000   34.080000 
 0.000000    11.440826   270.000000      0.000000     0.000000       23.420000   33.610000 
 0.000000    11.640826   270.000000      0.000000     0.000000       23.420000   33.410000 
 0.000000    11.840826   270.000000      0.000000     0.000000       23.420000   33.210000 
 0.000000    11.980826   270.000000      0.000000     0.000000       23.420000   33.070000 
 0.000000    12.180826   270.000000      0.000000     0.000000       23.420000   32.870000 
 0.000000    12.320826   270.000000      0.000000     0.000000       23.420000   32.730000 
 0.000000    12.450826   270.000000      0.000000     0.000000       23.420000   32.600000 
 0.000000    12.720826   270.000000      0.000000     0.000000       23.420000   32.330000 
 0.000000    12.860826   270.000000      0.000000     0.000000       23.420000   32.190000 
end