# Ursa Major-style Path file generated by PathWriter.java
# Name:
output
# Number of points:
73
# Left path:
left
# TIME (s) | DIST (ft) | HEADING (deg) | VEL (ft/s) | ACC (ft/s^2) |   X (ft)  |   Y(ft)
 0.000000    0.000000    270.000000      0.000000     1.000000       22.690000   45.020000 
 0.100000    0.005000    270.000000      0.050000     0.500000       22.690000   45.020000 
 0.200000    0.020000    270.000000      0.150000     1.000000       22.690000   45.000000 
 0.300000    0.045000    270.000000      0.250000     1.000000       22.690000   44.980000 
 0.400000    0.080000    270.000000      0.350000     1.000000       22.690000   44.940000 
 0.500000    0.125000    270.000000      0.450000     1.000000       22.690000   44.900000 
 0.600000    0.180000    270.000000      0.550000     1.000000       22.690000   44.840000 
 0.700000    0.245000    270.000000      0.650000     1.000000       22.690000   44.780000 
 0.800000    0.320000    270.000000      0.750000     1.000000       22.690000   44.700000 
 0.900000    0.405000    270.000000      0.850000     1.000000       22.690000   44.620000 
 1.000000    0.500000    270.000000      0.950000     1.000000       22.690000   44.520000 
 1.100000    0.605000    270.000000      1.050000     1.000000       22.690000   44.420000 
 1.200000    0.720000    270.000000      1.150000     1.000000       22.690000   44.300000 
 1.300000    0.845000    270.000000      1.250000     1.000000       22.690000   44.180000 
 1.400000    0.980000    270.000000      1.350000     1.000000       22.690000   44.040000 
 1.500000    1.100036    267.321176      1.200357     -1.496432      22.680000   43.920000 
 1.600000    1.221950    263.710587      1.219141     0.187838       22.660000   43.800000 
 1.700000    1.363149    260.995432      1.411994     1.928536       22.620000   43.660000 
 1.800000    1.596622    267.275201      2.334731     9.227367       22.610000   43.430000 
 1.900000    1.807380    270.000000      2.107578     -2.271528      22.620000   43.220000 
 2.000000    2.002380    270.000000      1.950000     -1.575781      22.620000   43.030000 
 2.100000    2.207380    270.000000      2.050000     1.000000       22.620000   42.820000 
 2.200000    2.422380    270.000000      2.150000     1.000000       22.620000   42.610000 
 2.300000    2.647380    270.000000      2.250000     1.000000       22.620000   42.380000 
 2.400000    2.882380    270.000000      2.350000     1.000000       22.620000   42.150000 
 2.500000    3.127380    270.000000      2.450000     1.000000       22.620000   41.900000 
 2.600000    3.382380    270.000000      2.550000     1.000000       22.620000   41.650000 
 2.700000    3.678990    273.405004      2.966099     4.160985       22.630000   41.350000 
 2.800000    3.998740    278.108821      3.197503     2.314043       22.690000   41.040000 
 2.900000    4.208162    270.000000      2.094219     -11.032839     22.690000   40.830000 
 3.000000    4.524725    272.318472      3.165625     10.714063      22.690000   40.510000 
 3.100000    4.865075    276.246864      3.403506     2.378810       22.760000   40.180000 
 3.200000    5.123313    270.000000      2.582382     -8.211242      22.750000   39.920000 
 3.300000    5.448313    270.000000      3.250000     6.676179       22.750000   39.590000 
 3.400000    5.783313    270.000000      3.350000     1.000000       22.750000   39.260000 
 3.500000    6.128313    270.000000      3.450000     1.000000       22.750000   38.910000 
 3.600000    6.481933    270.000000      3.536199     0.861994       22.750000   38.560000 
 3.700000    6.825553    270.000000      3.436199     -1.000000      22.750000   38.220000 
 3.800000    7.159173    270.000000      3.336199     -1.000000      22.750000   37.880000 
 3.900000    7.482793    270.000000      3.236199     -1.000000      22.750000   37.560000 
 4.000000    7.796413    270.000000      3.136199     -1.000000      22.750000   37.250000 
 4.100000    8.100033    270.000000      3.036199     -1.000000      22.750000   36.940000 
 4.200000    8.393653    270.000000      2.936199     -1.000000      22.750000   36.650000 
 4.300000    8.677273    270.000000      2.836199     -1.000000      22.750000   36.370000 
 4.400000    8.950893    270.000000      2.736199     -1.000000      22.750000   36.090000 
 4.500000    9.227458    271.392044      2.765647     0.294472       22.750000   35.820000 
 4.600000    9.521702    275.730159      2.942445     1.767988       22.780000   35.520000 
 4.700000    9.767829    275.945135      2.461266     -4.811790      22.830000   35.280000 
 4.800000    9.947768    270.071261      1.799393     -6.618738      22.820000   35.100000 
 4.900000    10.218517   275.143009      2.707493     9.081008       22.840000   34.830000 
 5.000000    10.469429   279.025895      2.509119     -1.983747      22.900000   34.590000 
 5.100000    10.605512   271.719117      1.360825     -11.482935     22.890000   34.450000 
 5.200000    10.783361   270.000000      1.778490     4.176653       22.890000   34.270000 
 5.300000    10.966981   270.000000      1.836199     0.577089       22.890000   34.090000 
 5.400000    11.140601   270.000000      1.736199     -1.000000      22.890000   33.920000 
 5.500000    11.304221   270.000000      1.636199     -1.000000      22.890000   33.750000 
 5.600000    11.457841   270.000000      1.536199     -1.000000      22.890000   33.600000 
 5.700000    11.601460   270.000000      1.436199     -1.000000      22.890000   33.460000 
 5.800000    11.735080   270.000000      1.336199     -1.000000      22.890000   33.320000 
 5.900000    11.858700   270.000000      1.236199     -1.000000      22.890000   33.200000 
 6.000000    11.972320   270.000000      1.136199     -1.000000      22.890000   33.090000 
 6.100000    12.075940   270.000000      1.036199     -1.000000      22.890000   32.980000 
 6.200000    12.169560   270.000000      0.936199     -1.000000      22.890000   32.890000 
 6.300000    12.253180   270.000000      0.836199     -1.000000      22.890000   32.800000 
 6.400000    12.326800   270.000000      0.736199     -1.000000      22.890000   32.730000 
 6.500000    12.390420   270.000000      0.636199     -1.000000      22.890000   32.670000 
 6.600000    12.444040   270.000000      0.536199     -1.000000      22.890000   32.610000 
 6.700000    12.487660   270.000000      0.436199     -1.000000      22.890000   32.570000 
 6.800000    12.521280   270.000000      0.336199     -1.000000      22.890000   32.540000 
 6.900000    12.544900   270.000000      0.236199     -1.000000      22.890000   32.510000 
 7.000000    12.558520   270.000000      0.136199     -1.000000      22.890000   32.500000 
 7.100000    12.562140   270.000000      0.036199     -1.000000      22.890000   32.500000 
 7.172399    12.867648   270.000000      0.000000     0.000000       22.890000   32.190000 
end

# Right path:
right
 0.000000    0.000000    270.000000      0.000000     1.000000       23.750000   45.020000 
 0.100000    0.005000    270.000000      0.050000     0.500000       23.750000   45.020000 
 0.200000    0.020000    270.000000      0.150000     1.000000       23.750000   45.000000 
 0.300000    0.045000    270.000000      0.250000     1.000000       23.750000   44.980000 
 0.400000    0.080000    270.000000      0.350000     1.000000       23.750000   44.940000 
 0.500000    0.125000    270.000000      0.450000     1.000000       23.750000   44.900000 
 0.600000    0.180000    270.000000      0.550000     1.000000       23.750000   44.840000 
 0.700000    0.245000    270.000000      0.650000     1.000000       23.750000   44.780000 
 0.800000    0.320000    270.000000      0.750000     1.000000       23.750000   44.700000 
 0.900000    0.405000    270.000000      0.850000     1.000000       23.750000   44.620000 
 1.000000    0.500000    270.000000      0.950000     1.000000       23.750000   44.520000 
 1.100000    0.605000    270.000000      1.050000     1.000000       23.750000   44.420000 
 1.200000    0.720000    270.000000      1.150000     1.000000       23.750000   44.300000 
 1.300000    0.845000    270.000000      1.250000     1.000000       23.750000   44.180000 
 1.400000    0.980000    270.000000      1.350000     1.000000       23.750000   44.040000 
 1.500000    1.149913    267.321176      1.699131     3.491314       23.750000   43.870000 
 1.600000    1.338840    263.710587      1.889266     1.901347       23.720000   43.680000 
 1.700000    1.530156    260.995432      1.913167     0.239004       23.670000   43.500000 
 1.800000    1.647034    267.275201      1.168780     -7.443862      23.670000   43.380000 
 1.900000    1.807194    270.000000      1.601594     4.328132       23.680000   43.220000 
 2.000000    2.002194    270.000000      1.950000     3.484064       23.680000   43.030000 
 2.100000    2.207194    270.000000      2.050000     1.000000       23.680000   42.820000 
 2.200000    2.422194    270.000000      2.150000     1.000000       23.680000   42.610000 
 2.300000    2.647194    270.000000      2.250000     1.000000       23.680000   42.380000 
 2.400000    2.882194    270.000000      2.350000     1.000000       23.680000   42.150000 
 2.500000    3.127194    270.000000      2.450000     1.000000       23.680000   41.900000 
 2.600000    3.382194    270.000000      2.550000     1.000000       23.680000   41.650000 
 2.700000    3.615410    273.405004      2.332161     -2.178389      23.690000   41.410000 
 2.800000    3.848038    278.108821      2.326277     -0.058836      23.750000   41.190000 
 2.900000    4.208052    270.000000      3.600141     12.738635      23.750000   40.830000 
 3.000000    4.481447    272.318472      2.733951     -8.661900      23.750000   40.550000 
 3.100000    4.749671    276.246864      2.682241     -0.517100      23.820000   40.290000 
 3.200000    5.123612    270.000000      3.739409     10.571682      23.810000   39.920000 
 3.300000    5.448612    270.000000      3.250000     -4.894091      23.810000   39.590000 
 3.400000    5.783612    270.000000      3.350000     1.000000       23.810000   39.260000 
 3.500000    6.128612    270.000000      3.450000     1.000000       23.810000   38.910000 
 3.600000    6.482232    270.000000      3.536199     0.861994       23.810000   38.560000 
 3.700000    6.825852    270.000000      3.436199     -1.000000      23.810000   38.220000 
 3.800000    7.159472    270.000000      3.336199     -1.000000      23.810000   37.880000 
 3.900000    7.483092    270.000000      3.236199     -1.000000      23.810000   37.560000 
 4.000000    7.796712    270.000000      3.136199     -1.000000      23.810000   37.250000 
 4.100000    8.100331    270.000000      3.036199     -1.000000      23.810000   36.940000 
 4.200000    8.393951    270.000000      2.936199     -1.000000      23.810000   36.650000 
 4.300000    8.677571    270.000000      2.836199     -1.000000      23.810000   36.370000 
 4.400000    8.951191    270.000000      2.736199     -1.000000      23.810000   36.090000 
 4.500000    9.201833    271.392044      2.506420     -2.297792      23.820000   35.840000 
 4.600000    9.415470    275.730159      2.136363     -3.700572      23.840000   35.630000 
 4.700000    9.657609    275.945135      2.421390     2.850265       23.890000   35.390000 
 4.800000    9.946397    270.071261      2.887883     4.664940       23.880000   35.100000 
 4.900000    10.122812   275.143009      1.764150     -11.237334     23.900000   34.930000 
 5.000000    10.302017   279.025895      1.792050     0.278996       23.950000   34.760000 
 5.100000    10.573646   271.719117      2.716288     9.242379       23.960000   34.480000 
 5.200000    10.783469   270.000000      2.098231     -6.180567      23.950000   34.270000 
 5.300000    10.967089   270.000000      1.836199     -2.620315      23.950000   34.090000 
 5.400000    11.140709   270.000000      1.736199     -1.000000      23.950000   33.920000 
 5.500000    11.304329   270.000000      1.636199     -1.000000      23.950000   33.750000 
 5.600000    11.457949   270.000000      1.536199     -1.000000      23.950000   33.600000 
 5.700000    11.601568   270.000000      1.436199     -1.000000      23.950000   33.460000 
 5.800000    11.735188   270.000000      1.336199     -1.000000      23.950000   33.320000 
 5.900000    11.858808   270.000000      1.236199     -1.000000      23.950000   33.200000 
 6.000000    11.972428   270.000000      1.136199     -1.000000      23.950000   33.090000 
 6.100000    12.076048   270.000000      1.036199     -1.000000      23.950000   32.980000 
 6.200000    12.169668   270.000000      0.936199     -1.000000      23.950000   32.890000 
 6.300000    12.253288   270.000000      0.836199     -1.000000      23.950000   32.800000 
 6.400000    12.326908   270.000000      0.736199     -1.000000      23.950000   32.730000 
 6.500000    12.390528   270.000000      0.636199     -1.000000      23.950000   32.670000 
 6.600000    12.444148   270.000000      0.536199     -1.000000      23.950000   32.610000 
 6.700000    12.487768   270.000000      0.436199     -1.000000      23.950000   32.570000 
 6.800000    12.521388   270.000000      0.336199     -1.000000      23.950000   32.540000 
 6.900000    12.545008   270.000000      0.236199     -1.000000      23.950000   32.510000 
 7.000000    12.558628   270.000000      0.136199     -1.000000      23.950000   32.500000 
 7.100000    12.562248   270.000000      0.036199     -1.000000      23.950000   32.500000 
 7.172399    12.867756   270.000000      0.000000     0.000000       23.950000   32.190000 
end